.12    12    1.2    
.21    21    2.1
.31    31    3.1
.21    21    2.1
.21    21    2.1
.12    12    1.2    
.21    21    2.1
.31    31    3.1
.21    21    2.1
.21    21    2.1
.12    12    1.2    
.21    21    2.1
.31    31    3.1
.21    21    2.1
.21    21    2.1
this is 
.12    12    1.2    
.21    21    2.1
.31    31    3.1
.21    21    2.1
.21    21    2.1
new

command

this is 
.12    12    1.2    
.21    21    2.1
.31    31    3.1
.21    21    2.1
.21    21    2.1
new

command

this is 
.12    12    1.2    
.21    21    2.1
.31    31    3.1
.21    21    2.1
.21    21    2.1
new

command

this is 
.12    12    1.2    
.21    21    2.1
.31    31    3.1
.21    21    2.1
.21    21    2.1
new

command

this is 
.12    12    1.2    
.21    21    2.1
.31    31    3.1
.21    21    2.1
.21    21    2.1
new

command

this is 
.12    12    1.2    
.21    21    2.1
.31    31    3.1
.21    21    2.1
.21    21    2.1
new

command

this is 
.12    12    1.2    
.21    21    2.1
.31    31    3.1
.21    21    2.1
.21    21    2.1
new

command

this is 
.12    12    1.2    
.21    21    2.1
.31    31    3.1
.21    21    2.1
.21    21    2.1
new

command

this is 
.12    12    1.2    
.21    21    2.1
.31    31    3.1
.21    21    2.1
.21    21    2.1
new

command

this is 
.12    12    1.2    
.21    21    2.1
.31    31    3.1
.21    21    2.1
.21    21    2.1
new

command

this is 
.12    12    1.2    
.21    21    2.1
.31    31    3.1
.21    21    2.1
.21    21    2.1
new

command

this is 
.12    12    1.2    
.21    21    2.1
.31    31    3.1
.21    21    2.1
.21    21    2.1
new

command

this is 
.12    12    1.2    
.21    21    2.1
.31    31    3.1
.21    21    2.1
.21    21    2.1
new

command

