Slaalm  chetori jhhlashfkahsdfjha
jskhdkhasdhas
  0.6240   0.8898   0.7991   0.4581
  0.5505   0.9271   0.6074   0.0379
  0.3121   0.7999   0.2425   0.0125
  0.9533   0.1050   0.7732   0.5486
  0.2018   0.3344   0.9037   0.7420
  0.6857   0.5852   0.7047   0.3657
  0.9888   0.7302   0.1993   0.8429
  0.4456   0.6370   0.5618   0.8636
  0.1502   0.5854   0.0139   0.6636
  0.1213   0.1825   0.2516   0.4401
  0.8832   0.1669   0.2767   0.5452
  0.9258   0.7719   0.0796   0.8593
  0.7661   0.9313   0.0281   0.6198
  0.7569   0.6421   0.2809   0.5263
  0.4959   0.2317   0.0785   0.8093
  0.4594   0.0235   0.7756   0.1862
  0.7468   0.6281   0.5776   0.9342
  0.3067   0.5197   0.7312   0.3322
  0.3141   0.1424   0.6915   0.9244
  0.1439   0.0895   0.3559   0.2703
